477

90 548 545 555 0 5 4
548 545 555 0 1 4
260 185 547 561 1 11 5
257 345 2 25 3
398 524 3 6 3
509 524 3 20 5
260 186 243 255 4 4 5
186 243 255 4 18 4
396 400 255 4 13 3
4 1 11 5 7 5
376 31 457 472 6 3 4
31 457 472 6 6 4
186 457 472 6 3 4
260 269 7 9 5
286 444 529 8 23 5
509 529 8 15 5
186 243 259 9 10 4
161 92 2 14 10 4 4
376 510 534 16 11 11 4
509 530 12 47 5
195 277 291 13 26 4
60 318 277 291 13 2 4
293 124 222 14 10 4
4 1 216 222 14 17 5
257 15 52 3
113 105 62 73 16 5 3
4 1 216 223 73 16 8 5
376 1 216 223 73 16 5 4
241 240 216 223 73 16 3 3
162 486 216 223 73 16 2 3
412 32 43 17 13 5
357 371 18 41 5
412 424 19 22 5
512 33 45 20 24 5
226 132 144 21 6 5
161 173 22 15 4
75 76 83 23 12 4
90 76 83 23 16 4
442 108 76 83 23 2 4
90 215 30 37 24 8 4
241 215 30 37 24 2 3
161 92 102 25 1 4
293 44 138 26 10 4
90 130 138 26 16 4
241 130 138 26 13 3
260 130 138 26 1 5
226 335 337 350 27 1 5
60 67 28 28 4
90 91 94 29 1 4
186 192 590 30 19 4
572 570 573 590 30 17 3
572 573 590 30 12 3
512 542 31 16 5
35 227 440 445 32 4 4
579 159 135 276 289 492 33 2 4
442 108 275 276 289 492 33 4 4
572 570 275 276 289 492 33 11 3
570 275 276 289 492 33 5 4
90 278 276 289 492 33 6 4
162 486 492 33 11 3
195 225 229 34 12 4
306 313 323 229 34 4 5
162 176 367 229 34 7 3
205 35 43 4
195 198 211 36 11 4
579 211 36 39 4
31 34 52 37 3 4
396 34 52 37 7 3
355 506 519 52 37 1 4
195 225 232 38 27 4
241 225 232 38 4 3
161 92 104 39 6 4
260 185 187 40 3 5
90 300 185 187 40 6 4
226 335 337 349 41 17 5
90 300 335 337 349 41 9 4
357 335 337 349 41 2 5
505 338 337 349 41 2 4
548 337 349 41 17 4
31 39 42 29 4
260 264 434 43 18 5
162 414 434 43 24 3
162 414 437 44 4 3
35 57 416 45 6 4
412 410 416 45 6 5
412 410 417 46 18 5
35 305 307 47 22 4
241 305 307 47 4 3
90 300 305 307 47 4 4
570 300 305 307 47 3 4
75 164 180 48 2 4
161 164 180 48 11 4
162 164 180 48 25 3
488 305 308 49 12 4
505 305 308 49 10 4
186 193 50 32 4
35 58 476 51 12 4
162 486 216 223 476 51 6 3
260 267 52 29 5
570 300 304 53 15 4
570 300 107 397 401 54 4 4
487 397 401 54 5 4
488 502 67 165 55 19 4
161 92 101 165 55 9 4
161 160 165 55 9 4
162 164 160 165 55 9 3
4 25 214 56 23 5
195 198 214 56 19 4
186 242 253 57 12 4
442 571 107 119 58 7 4
574 571 107 119 58 2 3
579 571 107 119 58 2 4
241 225 232 119 58 4 3
358 225 232 119 58 1 3
90 93 426 119 58 4 4
412 426 119 58 1 5
31 40 59 33 4
113 105 114 60 2 3
512 33 47 158 114 60 1 5
579 159 135 158 114 60 2 4
226 77 85 61 27 5
357 77 85 61 4 5
548 564 183 62 12 4
90 91 411 419 63 19 4
396 91 95 64 10 3
396 91 460 480 65 1 3
346 66 52 4
357 372 67 17 5
396 91 460 478 68 9 3
579 69 45 4
161 174 70 5 4
357 335 342 71 13 5
442 108 377 386 535 342 71 1 4
376 510 535 342 71 1 4
161 92 101 51 72 12 4
355 506 519 73 23 4
113 105 106 118 74 28 3
442 108 106 118 74 4 4
306 106 118 74 5 5
306 311 118 74 2 5
75 61 69 75 6 4
358 225 61 69 75 3 3
570 300 61 69 75 5 4
241 441 61 69 75 7 3
442 61 69 75 4 4
579 159 76 21 4
570 300 185 189 77 12 4
75 82 117 433 370 78 5 4
509 528 79 28 5
4 24 80 44 5
570 275 280 81 1 4
548 545 554 82 10 4
442 61 70 83 31 4
442 486 61 70 83 3 4
570 300 185 547 61 70 83 1 4
570 61 70 83 5 4
396 34 50 84 11 3
442 34 50 84 25 4
487 496 85 42 4
579 571 578 496 85 3 4
60 318 315 321 86 3 4
239 587 87 11 3
31 38 425 587 87 8 4
412 425 587 87 7 5
572 573 587 87 4 3
574 573 587 87 8 3
286 88 78 5
162 164 184 89 1 3
358 164 184 89 7 3
60 459 475 90 9 4
186 243 459 475 90 1 4
257 243 459 475 90 1 3
260 459 475 90 9 5
355 458 459 475 90 7 4
572 581 475 90 20 3
260 130 131 142 91 3 5
195 131 142 91 17 4
186 191 92 1 4
487 397 405 93 6 4
495 94 78 4
570 300 303 95 4 4
300 303 95 5 5
186 457 456 463 96 6 4
306 457 456 463 96 9 5
572 485 489 97 1 3
286 444 98 13 5
35 227 440 444 98 13 4
226 227 440 444 98 5 5
239 227 440 444 98 1 3
505 227 440 444 98 5 4
241 441 440 444 98 7 3
226 234 99 5 5
238 234 99 10 4
293 234 99 4 4
195 131 140 100 9 4
512 131 140 100 4 5
552 101 67 4
31 262 273 102 2 4
257 243 262 273 102 7 3
398 273 102 38 3
226 132 146 103 14 5
300 511 537 104 3 5
509 511 537 104 13 5
241 441 453 105 14 3
226 125 126 329 106 5 5
35 317 329 106 11 4
75 317 329 106 13 4
512 541 107 24 5
358 225 230 108 20 3
226 132 134 153 109 2 5
346 150 134 153 109 4 4
300 134 153 109 8 5
31 38 385 110 2 4
442 108 377 385 110 6 4
113 105 62 74 111 1 3
300 62 74 111 33 5
358 62 74 111 11 3
548 62 74 111 4 4
161 546 557 112 9 4
355 356 363 383 113 4 4
505 227 375 383 113 6 4
260 130 137 258 114 3 5
487 130 137 258 114 6 4
257 243 258 114 5 3
505 508 521 115 14 4
512 508 521 115 20 5
396 91 460 482 116 3 3
488 460 482 116 15 4
570 275 282 117 2 4
487 498 282 117 4 4
4 23 118 12 5
512 33 48 559 119 6 5
300 185 547 559 119 3 5
355 547 559 119 6 4
238 120 67 4
113 105 112 380 121 6 3
355 105 112 380 121 17 4
226 132 145 112 380 121 4 5
358 132 145 112 380 121 11 3
505 227 375 380 121 3 4
306 375 380 121 11 5
60 66 221 122 4 4
442 486 216 221 122 4 4
548 216 221 122 4 4
357 77 87 123 10 5
241 441 440 443 87 123 1 3
300 441 440 443 87 123 1 5
239 497 87 123 14 3
226 237 124 29 5
60 318 332 125 16 4
241 318 332 125 12 3
205 343 503 126 28 4
396 91 336 343 503 126 2 3
75 316 336 343 503 126 8 4
346 336 343 503 126 5 4
488 503 126 27 4
570 575 596 127 2 4
579 571 575 596 127 3 4
574 575 596 127 1 3
60 63 312 128 10 4
579 571 107 120 312 128 4 4
306 312 128 8 5
241 318 331 129 5 3
346 150 598 130 7 4
574 575 598 130 31 3
239 399 131 32 3
505 305 308 399 131 8 4
162 177 9 597 132 11 3
574 575 597 132 9 3
595 575 597 132 1 0
260 266 133 23 5
358 164 182 134 13 3
396 164 182 134 6 3
346 182 134 5 4
376 240 244 135 11 4
90 378 392 136 3 4
376 378 392 136 25 4
595 72 137 11 0
239 138 38 3
152 474 139 33 3
505 338 354 140 28 4
31 42 141 20 4
548 337 347 42 141 7 4
572 581 42 141 6 3
75 196 201 340 142 1 4
505 227 196 201 340 142 7 4
357 335 340 142 3 5
548 562 340 142 17 4
306 457 469 143 17 5
195 198 210 584 469 143 1 4
300 198 210 584 469 143 1 5
300 134 149 144 7 5
376 510 534 149 144 6 4
505 227 196 202 145 10 4
257 243 262 196 202 145 3 3
161 169 146 31 4
241 249 169 146 2 3
355 0 6 147 2 4
376 378 0 6 147 4 4
161 168 6 147 9 4
300 441 447 148 3 5
512 541 447 148 4 5
495 219 149 22 4
152 381 150 19 3
306 375 381 150 3 5
355 105 115 151 5 4
579 571 578 496 115 151 4 4
257 243 262 196 201 152 1 3
412 415 196 201 152 3 5
398 228 201 152 17 3
376 378 393 153 1 4
548 337 347 156 154 12 4
574 337 347 156 154 4 3
90 278 295 155 22 4
442 108 279 299 156 9 4
512 508 279 299 156 9 5
260 265 157 12 5
488 460 479 158 8 4
90 317 325 423 159 5 4
358 317 325 423 159 18 3
396 91 411 423 159 6 3
226 125 411 423 159 4 5
35 413 411 423 159 3 4
286 302 160 36 5
300 302 160 10 5
505 305 309 302 160 4 4
574 225 232 448 161 3 3
306 375 383 448 161 2 5
570 375 383 448 161 5 4
300 441 448 161 21 5
113 162 45 3
355 356 365 163 20 4
574 225 233 164 17 3
226 125 126 270 165 8 5
300 125 126 270 165 4 5
306 314 270 165 20 5
357 77 89 166 7 5
239 497 167 4 3
487 497 167 19 4
495 565 168 25 4
548 565 168 17 4
300 163 178 169 3 5
442 163 178 169 3 4
306 310 178 169 14 5
358 317 324 170 7 3
396 317 324 170 12 3
376 510 317 324 170 2 4
505 510 317 324 170 4 4
357 368 171 8 5
505 510 536 172 8 4
376 507 510 536 172 8 4
512 508 510 536 172 2 5
509 511 510 536 172 1 5
355 458 459 477 173 15 4
509 459 477 173 7 5
90 278 276 290 174 1 4
300 125 278 276 290 174 1 5
300 276 290 174 15 5
412 276 290 174 9 5
241 414 435 175 15 3
412 414 435 175 9 5
300 198 209 176 8 5
505 305 308 399 501 177 3 4
75 395 399 501 177 7 4
488 501 177 3 4
357 335 341 178 16 5
412 335 341 178 2 5
35 59 294 179 14 4
570 275 281 180 14 4
35 413 429 181 12 4
412 415 439 182 23 5
505 513 439 182 5 4
512 5 27 183 13 5
552 121 184 39 4
293 185 55 4
241 318 315 320 186 7 3
306 318 315 320 186 10 5
570 318 315 320 186 15 4
442 108 377 315 320 186 1 4
488 315 320 186 1 4
75 82 117 187 1 4
306 106 117 187 5 5
488 106 117 187 17 4
293 124 129 348 117 187 7 4
376 378 390 188 6 4
574 573 589 189 12 3
512 5 28 194 190 1 5
186 194 190 16 4
4 20 191 22 5
186 242 251 192 7 4
512 33 197 242 251 192 4 5
488 242 251 192 4 4
300 441 451 193 3 5
358 132 145 112 568 451 193 9 3
300 125 549 568 451 193 15 5
357 125 549 568 451 193 1 5
570 318 277 292 194 11 4
293 531 195 28 4
75 82 196 16 4
376 507 520 197 14 4
509 507 520 197 6 5
293 44 198 11 4
306 311 199 30 5
75 80 362 200 1 4
355 356 362 200 10 4
357 356 362 200 8 5
396 356 362 200 5 3
595 201 13 0
161 92 2 17 202 1 4
226 2 17 202 3 5
412 335 339 203 19 5
75 80 427 204 25 4
300 441 440 443 205 3 5
509 507 440 443 205 6 5
512 544 206 15 5
570 576 544 206 4 4
60 63 207 38 4
552 63 207 12 4
396 356 361 208 6 3
487 356 361 208 20 4
205 236 209 48 4
226 236 209 2 5
574 457 471 210 13 3
509 459 477 471 210 7 5
442 34 53 211 11 4
260 266 53 211 21 5
152 212 48 3
396 91 98 213 4 3
442 441 91 98 213 1 4
572 91 98 213 8 3
31 41 214 22 4
75 78 215 21 4
412 276 289 78 215 18 5
570 275 284 216 6 4
35 413 432 284 216 28 4
442 108 76 84 217 1 4
505 338 76 84 217 8 4
548 563 218 12 4
376 240 246 248 219 28 4
512 33 197 206 220 7 5
205 197 206 220 6 4
355 197 206 220 11 4
396 164 181 221 3 3
60 65 222 15 4
357 125 549 567 223 20 5
548 545 549 567 223 12 4
552 545 549 567 223 7 4
396 164 160 166 516 224 2 3
300 160 166 516 224 1 5
257 243 256 516 224 6 3
355 506 516 224 2 4
300 160 166 225 2 5
226 236 166 225 18 5
238 166 225 48 4
260 268 226 4 5
487 130 136 499 227 1 4
488 499 227 9 4
488 503 499 227 10 4
161 546 556 228 1 4
195 546 556 228 1 4
113 100 229 11 3
346 150 230 39 4
487 125 128 231 3 4
346 182 128 231 13 4
306 313 323 232 4 5
75 316 323 232 7 4
195 316 323 232 2 4
4 26 404 233 17 5
306 311 404 233 6 5
572 91 99 234 21 3
355 105 111 235 2 4
570 105 111 235 11 4
442 486 494 236 8 4
487 486 494 236 1 4
487 397 402 237 18 4
398 238 39 3
161 170 239 2 4
